   6.6621478093519837       9.99999999999999980E-013   6.6621478093519837        1.0000000000000000       1.00000000000000002E-008  1.00000000000000002E-008           2           1
          20           5   5.0000000000000000        1.0000000000000000        1.0000000000000000        5.0000000000000000        5.0000000000000000        1.0000000000000000        0.0000000000000000        0.0000000000000000        0.0000000000000000               15          21         500
  6.99999999999999939E-005   1.0000000000000000                1           2           0  0.50000000000000000       0.50000000000000000     
         500           4           2           2  0.10000000000000001       0.40000000000000002       0.35999999999999999       0.90000000000000002       1.00000000000000002E-003           1
           0  9.99999999999999955E-007           1           0
           0           1  1.00000000000000005E-004
         100  1.00000000000000002E-003           0  -999.20000000000005       -105.00000000000000       -109.00000000000000                1  0.50000000000000000     
           1           2           2   1.0000000000000000       8.00000000000000017E-002  0.80000000000000004                1
   5.0000000000000000        0.0000000000000000        0.0000000000000000        5.0000000000000000        0.0000000000000000        0.0000000000000000        1.0000000000000000        1.0000000000000000        5.0000000000000000        5.0000000000000000     
   5.0000000000000000        0.0000000000000000        0.0000000000000000        5.0000000000000000        0.0000000000000000        0.0000000000000000        1.0000000000000000        1.0000000000000000        5.0000000000000000        5.0000000000000000     
   5.0000000000000000        0.0000000000000000        0.0000000000000000        5.0000000000000000        0.0000000000000000        0.0000000000000000        1.0000000000000000        1.0000000000000000        5.0000000000000000        5.0000000000000000     
           1  1.00000000000000002E-003           2           1           0
        5000           1         500           1        5000           1
           2           2           2   2.0000000000000000        5.0000000000000000                0        1000           1
  0.10000000000000001       1.00000000000000005E-004   1.0000000000000000        5.0000000000000000        5.0000000000000000        5.0000000000000000     
          20          15           5
          20          15           5
          20          15           5
   1.0049999999999999       5.00000000000000010E-003  1.00000000000000005E-004   100.00000000000000     
  1.00000000000000005E-004   1.3889031605452826       1.00000000000000005E-004   1.0000000000000000     
